  0.00000000   0.15171755  -0.00000000  -2.16915381  -0.00000000   2.32087135   0.00000000
 -0.00001679   0.15171755  -0.00001167  -2.16915380   0.00000241   2.32087135  -0.00002997
 -0.00013023   0.15171758  -0.00009051  -2.16915376   0.00001870   2.32087134  -0.00023244
 -0.00042596   0.15171791  -0.00029604  -2.16915331   0.00006115   2.32087121  -0.00076029
 -0.00097812   0.15171949  -0.00067978  -2.16915116   0.00014043   2.32087061  -0.00174582
 -0.00184980   0.15172457  -0.00128559  -2.16914425   0.00026558   2.32086868  -0.00330166
 -0.00309362   0.15173732  -0.00215000  -2.16912691   0.00044418   2.32086384  -0.00552172
 -0.00475220   0.15176440  -0.00330260  -2.16909005   0.00068242   2.32085354  -0.00848203
 -0.00685866   0.15181546  -0.00476630  -2.16902057   0.00098516   2.32083413  -0.01224170
 -0.00943719   0.15190339  -0.00655770  -2.16890092   0.00135615   2.32080070  -0.01684379
 -0.01250349   0.15204443  -0.00868731  -2.16870899   0.00179809   2.32074706  -0.02231618
 -0.01606534   0.15225805  -0.01115986  -2.16841825   0.00231285   2.32066579  -0.02867243
 -0.02012307   0.15256667  -0.01397455  -2.16799820   0.00290159   2.32054832  -0.03591267
 -0.02467010   0.15299509  -0.01712530  -2.16741499   0.00356499   2.32038512  -0.04402443
 -0.02969347   0.15356986  -0.02060097  -2.16663239   0.00430339   2.32016596  -0.05298355
 -0.03517433   0.15431842  -0.02438567  -2.16561288   0.00511691   2.31988014  -0.06275496
 -0.04108846   0.15526818  -0.02845906  -2.16431889   0.00600558   2.31951689  -0.07329362
 -0.04740681   0.15644549  -0.03279664  -2.16271417   0.00696939   2.31906564  -0.08454536
 -0.05409602   0.15787460  -0.03737016  -2.16076517   0.00800828   2.31851644  -0.09644778
 -0.06111890   0.15957663  -0.04214807  -2.15844244   0.00912208   2.31786030  -0.10893117
 -0.06843495   0.16156857  -0.04709599  -2.15572196   0.01031040   2.31708956  -0.12191941
 -0.07600085   0.16386241  -0.05217730  -2.15258634   0.01157240   2.31619821  -0.13533094
 -0.08377096   0.16646435  -0.05735371  -2.14902587   0.01290660   2.31518224  -0.14907972
 -0.09169776   0.16937418  -0.06258590  -2.14503944   0.01431063   2.31403987  -0.16307621
 -0.09973234   0.17258486  -0.06783423  -2.14063510   0.01578094   2.31277183  -0.17722840
 -0.10782480   0.17608231  -0.07305938  -2.13583050   0.01731260   2.31138152  -0.19144282
 -0.11592470   0.17984536  -0.07822301  -2.13065298   0.01889907   2.30987514  -0.20562557
 -0.12398149   0.18384600  -0.08328839  -2.12513938   0.02053211   2.30826177  -0.21968336
 -0.13194486   0.18804974  -0.08822099  -2.11933560   0.02220171   2.30655333  -0.23352457
 -0.13976524   0.19241628  -0.09298895  -2.11329584   0.02389613   2.30476446  -0.24706024
 -0.14739415   0.19690032  -0.09756350  -2.10708163   0.02560211   2.30291238  -0.26020508
 -0.15478467   0.20145250  -0.10191927  -2.10076051   0.02730503   2.30101656  -0.27287840
 -0.16189186   0.20602057  -0.10603449  -2.09440463   0.02898931   2.29909838  -0.28500508
 -0.16867331   0.21055061  -0.10989114  -2.08808905   0.03063877   2.29718065  -0.29651635
 -0.17508959   0.21498834  -0.11347495  -2.08188991   0.03223707   2.29528706  -0.30735063
 -0.18110485   0.21928046  -0.11677535  -2.07588254   0.03376819   2.29344155  -0.31745425
 -0.18668735   0.22337613  -0.11978534  -2.07013944   0.03521694   2.29166769  -0.32678212
 -0.19181012   0.22722821  -0.12250140  -2.06472830   0.03656937   2.28998792  -0.33529832
 -0.19645157   0.23079468  -0.12492326  -2.05971001   0.03781324   2.28842285  -0.34297673
 -0.20059610   0.23403986  -0.12705375  -2.05513680   0.03893841   2.28699056  -0.34980155
 -0.20423478   0.23693550  -0.12889869  -2.05105050   0.03993720   2.28570594  -0.35576789
 -0.20736600   0.23946182  -0.13046677  -2.04748096   0.04080467   2.28458006  -0.36088229
 -0.20999607   0.24160837  -0.13176954  -2.04444476   0.04153886   2.28361968  -0.36516340
 -0.21213981   0.24337467  -0.13282145  -2.04194413   0.04214099   2.28282683  -0.36864255
 -0.21382120   0.24477072  -0.13364000  -2.03996620   0.04261557   2.28219847  -0.37136455
 -0.21507387   0.24581731  -0.13424593  -2.03848248   0.04297055   2.28172638  -0.37338844
 -0.21594167   0.24654620  -0.13466358  -2.03744867   0.04321731   2.28139701  -0.37478832
 -0.21647913   0.24700008  -0.13492122  -2.03680465   0.04337072   2.28119160  -0.37565434
 -0.21675195   0.24723249  -0.13505155  -2.03647473   0.04344913   2.28108620  -0.37609360
 -0.21683745   0.24730767  -0.13509212  -2.03636786   0.04347439   2.28105189  -0.37623119
 -0.21682502   0.24730044  -0.13508586  -2.03637793   0.04347182   2.28105485  -0.37621115
 -0.21679494   0.24732040  -0.13506796  -2.03634822   0.04346973   2.28104538  -0.37616120
 -0.21675037   0.24757143  -0.13502479  -2.03598370   0.04349541   2.28093055  -0.37607931
 -0.21667596   0.24825655  -0.13493277  -2.03498992   0.04357267   2.28061756  -0.37593307
 -0.21655860   0.24955173  -0.13477172  -2.03311093   0.04372180   2.28002527  -0.37569439
 -0.21638753   0.25160739  -0.13452475  -2.03012654   0.04395942   2.27908297  -0.37533928
 -0.21615437   0.25454988  -0.13417838  -2.02584952   0.04429837   2.27772911  -0.37484758
 -0.21585324   0.25848303  -0.13372240  -2.02012283   0.04474760   2.27590999  -0.37420279
 -0.21548070   0.26348959  -0.13314990  -2.01281700   0.04531215   2.27357871  -0.37339181
 -0.21503584   0.26963282  -0.13245714  -2.00382765   0.04599325   2.27069420  -0.37240474
 -0.21452010   0.27695794  -0.13164338  -1.99307322   0.04678848   2.26722042  -0.37123473
 -0.21393716   0.28549363  -0.13071072  -1.98049296   0.04769211   2.26312583  -0.36987774
 -0.21329272   0.29525353  -0.12966381  -1.96604506   0.04869549   2.25838297  -0.36833245
 -0.21259430   0.30623764  -0.12850957  -1.94970505   0.04978753   2.25296829  -0.36660003
 -0.21185090   0.31843377  -0.12725684  -1.93146433   0.05095528   2.24686204  -0.36468406
 -0.21107275   0.33181885  -0.12591606  -1.91132895   0.05218448   2.24004835  -0.36259031
 -0.21027099   0.34636021  -0.12449882  -1.88931852   0.05346017   2.23251538  -0.36032662
 -0.20945742   0.36201679  -0.12301755  -1.86546527   0.05476722   2.22425550  -0.35790272
 -0.20864418   0.37874015  -0.12148511  -1.83981327   0.05609081   2.21526558  -0.35533005
 -0.20784354   0.39647546  -0.11991444  -1.81241779   0.05741690   2.20554725  -0.35262157
 -0.20706765   0.41516231  -0.11831828  -1.78334482   0.05873253   2.19510715  -0.34979153
 -0.20632839   0.43473534  -0.11670886  -1.75267067   0.06002607   2.18395726  -0.34685526
 -0.20563710   0.45512478  -0.11509770  -1.72048176   0.06128740   2.17211512  -0.34382897
 -0.20500452   0.47625677  -0.11349545  -1.68687458   0.06250795   2.15960412  -0.34072953
 -0.20444054   0.49805358  -0.11191176  -1.65195573   0.06368072   2.14645375  -0.33757425
 -0.20395411   0.52043362  -0.11035520  -1.61584221   0.06480021   2.13269993  -0.33438070
 -0.20355307   0.54331129  -0.10883331  -1.57866188   0.06586235   2.11838526  -0.33116652
 -0.20324404   0.56659667  -0.10735253  -1.54055414   0.06686430   2.10355942  -0.32794934
 -0.20303222   0.59019502  -0.10591836  -1.50167079   0.06780436   2.08827956  -0.32474661
 -0.20292130   0.61400614  -0.10453538  -1.46217728   0.06868176   2.07261083  -0.32157555
 -0.20291328   0.63792350  -0.10320738  -1.42225406   0.06949654   2.05662693  -0.31845307
 -0.20300829   0.66183322  -0.10193748  -1.38209836   0.07024936   2.04041086  -0.31539581
 -0.20320448   0.68561293  -0.10072830  -1.34192613   0.07094138   2.02405566  -0.31242008
 -0.20349781   0.70913043  -0.09958204  -1.30197425   0.07157412   2.00766536  -0.30954190
 -0.20388192   0.73224237  -0.09850065  -1.26250281   0.07214938   1.99135588  -0.30677703
 -0.20434793   0.75479298  -0.09748598  -1.22379721   0.07266911   1.97525587  -0.30414100
 -0.20488435   0.77661314  -0.09653986  -1.18616969   0.07313537   1.95950731  -0.30164909
 -0.20547701   0.79752009  -0.09566421  -1.14995972   0.07355026   1.94426561  -0.29931633
 -0.20610910   0.81731834  -0.09486114  -1.11553205   0.07391592   1.92969864  -0.29715730
 -0.20676139   0.83580264  -0.09413290  -1.08327129   0.07423450   1.91598419  -0.29518598
 -0.20741275   0.85276370  -0.09348186  -1.05357115   0.07450818   1.90330509  -0.29341523
 -0.20804094   0.86799795  -0.09291028  -1.02681651   0.07473924   1.89184102  -0.29185619
 -0.20862397   0.88132181  -0.09242002  -1.00335718   0.07493012   1.88175664  -0.29051729
 -0.20914171   0.89259055  -0.09201202  -0.98347317   0.07508345   1.87318591  -0.28940305
 -0.20957796   0.90172037  -0.09168574  -0.96733438   0.07520220   1.86621391  -0.28851268
 -0.20992240   0.90871042  -0.09143849  -0.95496016   0.07528971   1.86085858  -0.28783865
 -0.21017214   0.91366083  -0.09126480  -0.94618658   0.07534976   1.85705612  -0.28736553
 -0.21033256   0.91678247  -0.09115610  -0.94064880   0.07538662   1.85465319  -0.28706926
 -0.21041704   0.91839682  -0.09110050  -0.93778185   0.07540513   1.85340746  -0.28691706
 -0.21044599   0.91892725  -0.09108293  -0.93683703   0.07541075   1.85299537  -0.28686780
 -0.21044542   0.91888636  -0.09108536  -0.93690581   0.07540965   1.85302311  -0.28687260
 -0.21039827   0.91870314  -0.09108815  -0.93722706   0.07540308   1.85316069  -0.28684780
 -0.21011054   0.91822132  -0.09107507  -0.93807650   0.07537125   1.85352818  -0.28660394
 -0.20936890   0.91716804  -0.09103228  -0.93993622   0.07529158   1.85433516  -0.28594769
 -0.20798976   0.91531822  -0.09094725  -0.94320339   0.07514449   1.85575399  -0.28471046
 -0.20581874   0.91250095  -0.09080807  -0.94817825   0.07491313   1.85791453  -0.28274622
 -0.20273004   0.90860531  -0.09060295  -0.95505379   0.07458316   1.86089945  -0.27992939
 -0.19862561   0.90358322  -0.09031969  -0.96391034   0.07414255   1.86474189  -0.27615302
 -0.19343385   0.89744847  -0.08994542  -0.97471754   0.07358136   1.86942641  -0.27132731
 -0.18710791   0.89027171  -0.08946652  -0.98734371   0.07289164   1.87489322  -0.26537875
 -0.17962371   0.88217200  -0.08886887  -1.00157134   0.07206740   1.88104528  -0.25824959
 -0.17097777   0.87330659  -0.08813817  -1.01711611   0.07110454   1.88775686  -0.24989775
 -0.16118498   0.86385999  -0.08726049  -1.03364688   0.07000100   1.89488260  -0.24029697
 -0.15027653   0.85403376  -0.08622287  -1.05080448   0.06875677   1.90226592  -0.22943713
 -0.13829803   0.84403757  -0.08501396  -1.06821802   0.06737402   1.90974629  -0.21732455
 -0.12530780   0.83408189  -0.08362467  -1.08551808   0.06585709   1.91716506  -0.20398230
 -0.11137533   0.82437213  -0.08204874  -1.10234704   0.06421256   1.92436993  -0.18945031
 -0.09657997   0.81510419  -0.08028332  -1.11836685   0.06244914   1.93121817  -0.17378534
 -0.08100964   0.80646095  -0.07832944  -1.13326474   0.06057759   1.93757891  -0.15706067
 -0.06475965   0.79860954  -0.07619229  -1.14675747   0.05861048   1.94333473  -0.13936548
 -0.04793156   0.79169913  -0.07388148  -1.15859455   0.05656199   1.94838264  -0.12080397
 -0.03063200   0.78585910  -0.07141102  -1.16856066   0.05444757   1.95263484  -0.10149402
 -0.01297151   0.78119750  -0.06879923  -1.17647752   0.05228363   1.95601912  -0.08156556
  0.00493663   0.77779975  -0.06606831  -1.18220538   0.05008718   1.95847916  -0.06115865
  0.02297756   0.77572764  -0.06324386  -1.18564418   0.04787552   1.95997470  -0.04042119
  0.04103602   0.77501851  -0.06035416  -1.18673430   0.04566592   1.96048164  -0.01950646
  0.05899752   0.77568483  -0.05742931  -1.18545705   0.04347529   1.95999213   0.00142948
  0.07674945   0.77771394  -0.05450033  -1.18183482   0.04132001   1.95851456   0.02223050
  0.09418220   0.78106830  -0.05159819  -1.17593092   0.03921563   1.95607354   0.04274304
  0.11119017   0.78568583  -0.04875282  -1.16784903   0.03717674   1.95270989   0.06281859
  0.12767276   0.79148070  -0.04599233  -1.15773236   0.03521676   1.94848047   0.08231609
  0.14353537   0.79834436  -0.04334220  -1.14576256   0.03334781   1.94345809   0.10110396
  0.15869020   0.80614675  -0.04082471  -1.13215810   0.03158055   1.93773116   0.11906189
  0.17305715   0.81473788  -0.03845854  -1.11717242   0.02992407   1.93140331   0.13608228
  0.18656460   0.82394966  -0.03625854  -1.10109138   0.02838579   1.92459265   0.15207137
  0.19915018   0.83359811  -0.03423562  -1.08423008   0.02697134   1.91743078   0.16695008
  0.21076149   0.84348614  -0.03239690  -1.06692848   0.02568457   1.91006114   0.18065458
  0.22135692   0.85340713  -0.03074586  -1.04954566   0.02452744   1.90263678   0.19313666
  0.23090630   0.86314944  -0.02928268  -1.03245195   0.02350016   1.89531700   0.20436397
  0.23939174   0.87250231  -0.02800458  -1.01601859   0.02260113   1.88826292   0.21432017
  0.24680836   0.88126330  -0.02690620  -1.00060445   0.02182715   1.88163155   0.22300519
  0.25316514   0.88924730  -0.02597996  -0.98653972   0.02117344   1.87556851   0.23043544
  0.25848575   0.89629682  -0.02521639  -0.97410709   0.02063386   1.87019950   0.23664426
  0.26280945   0.90229290  -0.02460438  -0.96352187   0.02020095   1.86562132   0.24168254
  0.26619208   0.90716544  -0.02413130  -0.95491293   0.01986611   1.86189318   0.24561957
  0.26870702   0.91090157  -0.02378311  -0.94830744   0.01961954   1.85902972   0.24854406
  0.27044637   0.91355053  -0.02354421  -0.94362162   0.01945029   1.85699681   0.25056545
  0.27152206   0.91522460  -0.02339729  -0.94065916   0.01934615   1.85571073   0.25181537
  0.27206717   0.91609580  -0.02332304  -0.93911692   0.01929343   1.85504074   0.25244919
  0.27223716   0.91638987  -0.02329978  -0.93859597   0.01927679   1.85481403   0.25264773
  0.27221117   0.91637937  -0.02330308  -0.93861406   0.01927892   1.85482134   0.25261888
  0.27216333   0.91621918  -0.02331062  -0.93889697   0.01928300   1.85494370   0.25256016
  0.27216349   0.91547967  -0.02331861  -0.94020429   0.01928140   1.85551107   0.25253180
  0.27224880   0.91364941  -0.02332806  -0.94343969   0.01926956   1.85691562   0.25255495
  0.27245087   0.91030738  -0.02333962  -0.94934543   0.01924346   1.85947849   0.25264841
  0.27279561   0.90513486  -0.02335345  -0.95847983   0.01919961   1.86343930   0.25282912
  0.27330318   0.89792377  -0.02336906  -0.97120174   0.01913490   1.86894880   0.25311270
  0.27398818   0.88857654  -0.02338519  -0.98767018   0.01904655   1.87606849   0.25351376
  0.27486003   0.87709625  -0.02339988  -1.00786202   0.01893201   1.88477844   0.25404605
  0.27592357   0.86356876  -0.02341046  -1.03160454   0.01878896   1.89499188   0.25472247
  0.27717984   0.84814059  -0.02341375  -1.05861564   0.01861523   1.90657340   0.25555490
  0.27862676   0.83099691  -0.02340618  -1.08854410   0.01840884   1.91935711   0.25655403
  0.28025976   0.81234269  -0.02338395  -1.12100413   0.01816801   1.93316232   0.25772919
  0.28207229   0.79238829  -0.02334308  -1.15560165   0.01789116   1.94780550   0.25908811
  0.28405617   0.77133985  -0.02327960  -1.19195210   0.01757702   1.96310834   0.26063686
  0.28620187   0.74939347  -0.02318954  -1.22969115   0.01722459   1.97890274   0.26237969
  0.28849867   0.72673235  -0.02306902  -1.26848009   0.01683329   1.99503326   0.26431890
  0.29093475   0.70352586  -0.02291431  -1.30800763   0.01640296   2.01135804   0.26645483
  0.29349729   0.67992990  -0.02272186  -1.34798948   0.01593392   2.02774874   0.26878565
  0.29617249   0.65608788  -0.02248836  -1.38816679   0.01542708   2.04408986   0.27130735
  0.29894565   0.63213193  -0.02221083  -1.42830395   0.01488392   2.06027793   0.27401361
  0.30180120   0.60818437  -0.02188667  -1.46818633   0.01430660   2.07622052   0.27689570
  0.30472275   0.58435892  -0.02151376  -1.50761804   0.01369796   2.09183535   0.27994243
  0.30769320   0.56076193  -0.02109056  -1.54641995   0.01306152   2.10704954   0.28314005
  0.31069483   0.53749339  -0.02061626  -1.58442798   0.01240153   2.12179881   0.28647226
  0.31370943   0.51464773  -0.02009084  -1.62149166   0.01172288   2.13602696   0.28992023
  0.31671844   0.49231452  -0.01951522  -1.65747295   0.01103106   2.14968534   0.29346264
  0.31970315   0.47057891  -0.01889139  -1.69224537   0.01033208   2.16273242   0.29707585
  0.32264488   0.44952194  -0.01822248  -1.72569329   0.00963235   2.17513347   0.30073408
  0.32552521   0.42922067  -0.01751289  -1.75771153   0.00893852   2.18686017   0.30440969
  0.32832620   0.40974813  -0.01676825  -1.78820504   0.00825727   2.19789038   0.30807359
  0.33103064   0.39117312  -0.01599550  -1.81708888   0.00759519   2.20820782   0.31169561
  0.33362226   0.37355986  -0.01520279  -1.84428821   0.00695852   2.21780180   0.31524508
  0.33608598   0.35696745  -0.01439934  -1.86973858   0.00635297   2.22666691   0.31869137
  0.33840812   0.34144927  -0.01359530  -1.89338629   0.00578357   2.23480277   0.32200453
  0.34057658   0.32705210  -0.01280146  -1.91518881   0.00525450   2.24221368   0.32515595
  0.34258106   0.31381528  -0.01202892  -1.93511552   0.00476900   2.24890834   0.32811902
  0.34441321   0.30176963  -0.01128876  -1.95314841   0.00432932   2.25489962   0.33086983
  0.34606678   0.29093632  -0.01059159  -1.96928302   0.00393670   2.26020429   0.33338780
  0.34753779   0.28132565  -0.00994718  -1.98352952   0.00359146   2.26484287   0.33565630
  0.34882467   0.27293574  -0.00936398  -1.99591394   0.00329302   2.26883961   0.33766320
  0.34992839   0.26575119  -0.00884874  -2.00647960   0.00304004   2.27222247   0.33940139
  0.35085262   0.25974168  -0.00840620  -2.01528871   0.00283051   2.27502344   0.34086922
  0.35160390   0.25486055  -0.00803872  -2.02242419   0.00266186   2.27727881   0.34207086
  0.35219173   0.25104335  -0.00774615  -2.02799168   0.00253097   2.27902983   0.34301660
  0.35262880   0.24820635  -0.00752561  -2.03212175   0.00243430   2.28032341   0.34372312
  0.35293110   0.24624512  -0.00737150  -2.03497236   0.00236776   2.28121310   0.34421361
  0.35311813   0.24503299  -0.00727549  -2.03673142   0.00232675   2.28176019   0.34451799
  0.35321306   0.24441958  -0.00722659  -2.03761950   0.00230602   2.28203490   0.34467292
  0.35324292   0.24422935  -0.00721126  -2.03789258   0.00229959   2.28211770   0.34472195
  0.35323879   0.24426011  -0.00721353  -2.03784473   0.00230062   2.28210053   0.34471557
  0.35321320   0.24430952  -0.00722743  -2.03777010   0.00230552   2.28207520   0.34467397
  0.35309438   0.24427063  -0.00729266  -2.03782423   0.00232607   2.28209023   0.34447887
  0.35279886   0.24407140  -0.00745524  -2.03811193   0.00237632   2.28217830   0.34399281
  0.35225435   0.24365014  -0.00775516  -2.03872290   0.00246829   2.28236730   0.34309658
  0.35139923   0.24295564  -0.00822689  -2.03973143   0.00261203   2.28268023   0.34168830
  0.35018206   0.24194729  -0.00889983  -2.04119625   0.00281558   2.28313506   0.33968235
  0.34856106   0.24059516  -0.00979877  -2.04316028   0.00308497   2.28374461   0.33700843
  0.34650364   0.23887998  -0.01094433  -2.04565067   0.00342426   2.28451657   0.33361059
  0.34398589   0.23679301  -0.01235329  -2.04867902   0.00383562   2.28545354   0.32944633
  0.34099211   0.23433570  -0.01403891  -2.05224186   0.00431933   2.28655321   0.32448585
  0.33751429   0.23151918  -0.01601115  -2.05632151   0.00487401   2.28780868   0.31871126
  0.33355167   0.22836359  -0.01827677  -2.06088709   0.00549667   2.28920886   0.31211594
  0.32911022   0.22489725  -0.02083944  -2.06589589   0.00618297   2.29073896   0.30470388
  0.32420215   0.22115567  -0.02369971  -2.07129493   0.00692739   2.29238110   0.29648919
  0.31884545   0.21718044  -0.02685499  -2.07702269   0.00772349   2.29411497   0.28749552
  0.31306338   0.21301800  -0.03029949  -2.08301101   0.00856418   2.29591847   0.27775554
  0.30688400   0.20871836  -0.03402406  -2.08918706   0.00944198   2.29776845   0.26731048
  0.30033971   0.20433376  -0.03801618  -2.09547531   0.01034930   2.29964138   0.25620955
  0.29346672   0.19991735  -0.04225987  -2.10179957   0.01127873   2.30151399   0.24450942
  0.28630467   0.19552184  -0.04673565  -2.10808486   0.01222324   2.30336388   0.23227359
  0.27889612   0.19119825  -0.05142062  -2.11425924   0.01317638   2.30517006   0.21957179
  0.27128607   0.18699466  -0.05628854  -2.12025546   0.01413248   2.30691338   0.20647928
  0.26352157   0.18295519  -0.06131006  -2.12601238   0.01508668   2.30857694   0.19307609
  0.25565123   0.17911898  -0.06645301  -2.13147628   0.01603498   2.31014632   0.17944621
  0.24772474   0.17551945  -0.07168277  -2.13660179   0.01697417   2.31160981   0.16567679
  0.23979247   0.17218365  -0.07696273  -2.14135265   0.01790171   2.31295849   0.15185719
  0.23190496   0.16913184  -0.08225483  -2.14570213   0.01881558   2.31418628   0.13807808
  0.22411245   0.16637731  -0.08752016  -2.14963321   0.01971406   2.31528988   0.12443047
  0.21646442   0.16392638  -0.09271957  -2.15313844   0.02059549   2.31626864   0.11100470
  0.20900910   0.16177858  -0.09781436  -2.15621953   0.02145806   2.31712438   0.09788943
  0.20179294   0.15992711  -0.10276690  -2.15888676   0.02229961   2.31786118   0.08517057
  0.19486015   0.15835942  -0.10754126  -2.16115801   0.02311749   2.31848511   0.07293028
  0.18825216   0.15705798  -0.11210383  -2.16305779   0.02390845   2.31900387   0.06124588
  0.18200712   0.15600116  -0.11642386  -2.16461593   0.02466866   2.31942652   0.05018879
  0.17615937   0.15516423  -0.12047395  -2.16586630   0.02539376   2.31976306   0.03982351
  0.17073893   0.15452041  -0.12423048  -2.16684540   0.02607899   2.32002412   0.03020655
  0.16577091   0.15404191  -0.12767402  -2.16759096   0.02671941   2.32022054   0.02138540
  0.16127506   0.15370097  -0.13078960  -2.16814060   0.02731015   2.32036305   0.01339756
  0.15726514   0.15347081  -0.13356704  -2.16853055   0.02784674   2.32046193   0.00626952
  0.15374845   0.15332649  -0.13600116  -2.16879462   0.02832533   2.32052672   0.00001582
  0.15072524   0.15324560  -0.13809204  -2.16896318   0.02874307   2.32056599  -0.00536187
  0.14818818   0.15320878  -0.13984523  -2.16906262   0.02909834   2.32058712  -0.00987571
  0.14612187   0.15320009  -0.14127196  -2.16911481   0.02939098   2.32059624  -0.01355253
  0.14450227   0.15320708  -0.14238944  -2.16913705   0.02962250   2.32059813  -0.01643470
  0.14329623   0.15322074  -0.14322104  -2.16914218   0.02979617   2.32059632  -0.01858101
  0.14246098   0.15323518  -0.14379667  -2.16913897   0.02991712   2.32059317  -0.02006744
  0.14194366   0.15324720  -0.14415303  -2.16913277   0.02999235   2.32059004  -0.02098801
  0.14168085   0.15325572  -0.14433398  -2.16912631   0.03003071   2.32058752  -0.02145559
  0.14159811   0.15326110  -0.14439088  -2.16912056   0.03004288   2.32058569  -0.02160267
  0.14160952   0.15326457  -0.14438294  -2.16911555   0.03004132   2.32058432  -0.02158219
